0 0.524846 0.225793 0.290692 0.284856
0 0.124885 0.278135 0.249769 0.248654
0 0.064821 0.447505 0.129641 0.165760
0 0.201718 0.481740 0.235436 0.219827
0 0.715712 0.165433 0.182833 0.167750
0 0.903564 0.287058 0.192872 0.144327
0 0.785846 0.239308 0.428308 0.319096
0 0.595590 0.455524 0.206846 0.369548
0 0.825481 0.414082 0.349038 0.261433
0 0.813128 0.894923 0.362769 0.210154
0 0.671385 0.945702 0.257051 0.106308
0 0.140500 0.860928 0.281000 0.142529
0 0.207769 0.701466 0.415538 0.310087
0 0.431026 0.596966 0.372615 0.450625
0 0.767827 0.684351 0.464346 0.362337
0 0.302622 0.259216 0.355551 0.261260
0 0.280994 0.113269 0.230628 0.070269
