0 0.452505 0.310551 0.216221 0.461256
0 0.066793 0.897936 0.133587 0.144154
0 0.850577 0.795167 0.298846 0.320949
0 0.930981 0.973295 0.138038 0.053410
0 0.805212 0.957077 0.205404 0.085846
0 0.686966 0.733071 0.204048 0.347756
0 0.566697 0.888026 0.306760 0.218026
0 0.424803 0.679917 0.325683 0.291885
0 0.255865 0.894013 0.458077 0.211974
0 0.222774 0.787032 0.327029 0.189372
0 0.169399 0.649199 0.333779 0.378551
0 0.112740 0.297929 0.225481 0.223423
0 0.229534 0.319558 0.375683 0.479269
0 0.342370 0.172712 0.074317 0.185577
0 0.643721 0.190731 0.201346 0.221615
0 0.637644 0.426673 0.305404 0.329910
0 0.859264 0.343878 0.281087 0.275679
