3 0.755212 0.863699 0.270269 0.270269
3 0.428856 0.881628 0.406750 0.230821
3 0.526832 0.655590 0.248644 0.308103
3 0.781558 0.654603 0.279731 0.281256
3 0.943144 0.937577 0.113712 0.118923
3 0.907236 0.738385 0.185144 0.293872
3 0.776255 0.388833 0.447490 0.347923
3 0.925577 0.251090 0.148846 0.111718
3 0.745769 0.179833 0.159423 0.200179
3 0.583587 0.288833 0.275673 0.432615
3 0.441625 0.173519 0.135269 0.191167
3 0.322034 0.302346 0.298779 0.466846
3 0.151928 0.268212 0.303856 0.336936
3 0.240952 0.636673 0.342019 0.457654
3 0.114663 0.544750 0.221635 0.255910
3 0.121428 0.829058 0.232433 0.341885
