0 0.705878 0.134771 0.122969 0.117292
0 0.823469 0.212333 0.317562 0.304500
0 0.755878 0.375317 0.328381 0.587567
0 0.932903 0.310542 0.117569 0.136933
0 0.890338 0.472612 0.210812 0.191175
0 0.841791 0.605958 0.316419 0.346083
0 0.799222 0.803242 0.401556 0.236217
0 0.170741 0.344775 0.331081 0.234233
0 0.237059 0.580721 0.474119 0.328108
0 0.209931 0.708646 0.409463 0.158742
0 0.438309 0.199729 0.168919 0.239642
0 0.410609 0.382612 0.278381 0.551358
0 0.493716 0.139371 0.082431 0.111708
0 0.263984 0.164596 0.193244 0.158558
0 0.589662 0.357387 0.185137 0.551358
