3 0.205375 0.655475 0.406000 0.387388
3 0.570542 0.768728 0.170567 0.462544
3 0.778350 0.833850 0.216217 0.254050
3 0.750721 0.630247 0.348342 0.304506
3 0.930017 0.661778 0.139967 0.198194
3 0.836008 0.525741 0.317117 0.218019
3 0.835121 0.342859 0.329758 0.183781
3 0.920404 0.226644 0.159192 0.156763
3 0.757929 0.227547 0.261858 0.291894
3 0.565612 0.204119 0.233275 0.237838
3 0.365012 0.198716 0.370208 0.234231
3 0.201654 0.197816 0.399042 0.250456
3 0.204054 0.337453 0.399042 0.165769
3 0.192175 0.505022 0.384350 0.237831
3 0.263033 0.801419 0.112917 0.268462
3 0.407179 0.732950 0.261858 0.517113
