0 0.208671 0.364621 0.345308 0.176579
0 0.162112 0.231289 0.244425 0.133336
0 0.345438 0.278139 0.219208 0.248646
0 0.343500 0.139307 0.141617 0.137113
0 0.467654 0.237508 0.145492 0.311889
0 0.582108 0.148317 0.126100 0.137113
0 0.629638 0.238406 0.271592 0.310093
0 0.774162 0.226784 0.219208 0.138738
0 0.716937 0.347415 0.349192 0.207384
0 0.822662 0.382550 0.347242 0.129915
0 0.799300 0.498858 0.401400 0.142345
0 0.773196 0.559218 0.438425 0.158560
0 0.671346 0.805163 0.192058 0.178375
0 0.800350 0.681741 0.244433 0.136935
0 0.676196 0.710569 0.341425 0.306308
0 0.527792 0.787957 0.223100 0.392972
0 0.469592 0.843003 0.118333 0.239644
0 0.339617 0.769942 0.172650 0.436215
0 0.272688 0.808769 0.085358 0.250449
0 0.215463 0.685344 0.320092 0.309915
0 0.185396 0.536606 0.364708 0.257841
0 0.104887 0.424083 0.207575 0.100906
