0 0.817100 0.503228 0.365800 0.151331
0 0.369942 0.775934 0.249850 0.448131
0 0.264233 0.824841 0.105700 0.340544
0 0.558529 0.855475 0.209008 0.275675
0 0.664233 0.779537 0.415617 0.440925
0 0.846817 0.805025 0.247450 0.174775
0 0.777462 0.668088 0.445075 0.286488
0 0.915600 0.614931 0.168800 0.100900
0 0.809896 0.416734 0.380208 0.118919
0 0.845929 0.339256 0.308142 0.147750
0 0.790675 0.281597 0.418650 0.266669
0 0.837204 0.175294 0.276275 0.151350
0 0.659429 0.219438 0.324325 0.279275
0 0.444292 0.205922 0.173217 0.241444
0 0.304954 0.239256 0.302942 0.286488
0 0.290542 0.103219 0.163600 0.050450
0 0.141725 0.241059 0.283450 0.127931
0 0.188575 0.350069 0.377150 0.172975
0 0.196983 0.538356 0.393967 0.250450
0 0.055242 0.444663 0.110483 0.059462
0 0.186171 0.707725 0.372342 0.372975
