0 0.206526 0.235793 0.273872 0.311721
0 0.512833 0.735793 0.487692 0.317125
0 0.618532 0.890659 0.170577 0.115490
0 0.445564 0.897625 0.319513 0.204750
0 0.421538 0.212365 0.228231 0.264865
0 0.159679 0.763630 0.276282 0.329913
0 0.323038 0.499750 0.324333 0.266654
0 0.445564 0.374534 0.189795 0.127933
0 0.523641 0.567327 0.240231 0.145942
0 0.874391 0.811139 0.249859 0.377721
0 0.820333 0.910567 0.242641 0.176577
0 0.761474 0.631288 0.273872 0.230635
0 0.662981 0.433091 0.317115 0.183779
0 0.724244 0.274534 0.242641 0.349548
0 0.907167 0.252010 0.185667 0.336942
0 0.909571 0.346514 0.180859 0.238010
0 0.672590 0.128587 0.096103 0.082885
0 0.569288 0.234894 0.153756 0.252250
0 0.117673 0.595255 0.235346 0.162163
0 0.130846 0.416875 0.242641 0.291885
0 0.076833 0.276332 0.153667 0.115317
