1 0.828575 0.507405 0.200495 0.222772
1 0.862200 0.828018 0.275601 0.321548
1 0.721520 0.086212 0.128714 0.172423
1 0.655925 0.863841 0.215346 0.250824
1 0.278169 0.212189 0.201786 0.235237
1 0.942056 0.374776 0.115887 0.295660
1 0.068125 0.356795 0.136250 0.236667
1 0.420153 0.610542 0.186892 0.282179
1 0.286806 0.409295 0.285954 0.320128
1 0.161623 0.586287 0.234159 0.295657
1 0.096827 0.858796 0.193654 0.282407
1 0.550108 0.176939 0.190986 0.253942
1 0.521025 0.385295 0.193070 0.194718
1 0.116297 0.159141 0.201781 0.243474
1 0.570613 0.600673 0.273005 0.356090
1 0.425728 0.292059 0.143562 0.199670
1 0.860362 0.180530 0.233075 0.261125
1 0.728161 0.339527 0.234159 0.295657
1 0.251224 0.072186 0.165841 0.144372
1 0.410956 0.855208 0.283800 0.289583
