1 0.516075 0.201295 0.155942 0.229385
1 0.382411 0.903043 0.185644 0.193913
1 0.393549 0.272258 0.205445 0.275580
1 0.501843 0.737606 0.129950 0.255776
1 0.678822 0.276383 0.261139 0.297029
1 0.871892 0.327538 0.231438 0.313532
1 0.196149 0.204601 0.174505 0.206272
1 0.727709 0.518958 0.215346 0.260724
1 0.197387 0.507407 0.162130 0.237622
1 0.137981 0.918720 0.204207 0.162561
1 0.627460 0.749155 0.205445 0.288779
1 0.854565 0.770607 0.251236 0.308580
1 0.215951 0.763181 0.147276 0.207920
1 0.561248 0.922845 0.179457 0.154311
1 0.073013 0.777208 0.146026 0.226071
1 0.357659 0.732654 0.170793 0.163365
1 0.358897 0.543712 0.217822 0.290429
1 0.111990 0.370442 0.176981 0.250827
1 0.539589 0.448000 0.183168 0.264026
