1 0.718457 0.612184 0.169399 0.193503
1 0.938822 0.377652 0.122356 0.193503
1 0.128700 0.706252 0.159654 0.138612
1 0.056923 0.090740 0.113846 0.160064
1 0.866296 0.076051 0.154284 0.152103
1 0.286803 0.176213 0.169399 0.193503
1 0.417065 0.957912 0.157178 0.084176
1 0.436867 0.836614 0.131190 0.196369
1 0.539320 0.898518 0.169399 0.193503
1 0.537163 0.078929 0.169399 0.157859
1 0.166482 0.371899 0.205017 0.193503
1 0.685011 0.249981 0.121286 0.156763
1 0.312702 0.498518 0.169399 0.193503
1 0.884648 0.217949 0.149983 0.158974
1 0.884108 0.830897 0.189909 0.233782
1 0.578702 0.178365 0.129471 0.140256
1 0.507488 0.380529 0.127332 0.147468
1 0.468427 0.146021 0.123762 0.173266
1 0.711983 0.420819 0.169399 0.193503
1 0.756792 0.159221 0.147276 0.198019
1 0.608278 0.505756 0.127474 0.174917
1 0.344046 0.073835 0.096534 0.147670
1 0.055721 0.344559 0.111442 0.193503
1 0.677460 0.089728 0.154310 0.179455
1 0.740703 0.813513 0.141089 0.227724
1 0.356935 0.308582 0.169399 0.193503
1 0.555502 0.691322 0.165091 0.193503
1 0.600293 0.292766 0.133760 0.170494
1 0.160543 0.135926 0.169399 0.193506
1 0.111446 0.554633 0.194224 0.199260
1 0.119541 0.872628 0.201784 0.239551
1 0.327274 0.741684 0.174788 0.202144
1 0.634825 0.773349 0.183428 0.225160
1 0.907305 0.553189 0.169399 0.213622
1 0.490760 0.524415 0.169399 0.193503
