1 0.166451 0.865494 0.209166 0.264026
1 0.848995 0.567638 0.264851 0.344885
1 0.081675 0.101888 0.163351 0.203776
1 0.887369 0.282984 0.225262 0.382840
1 0.355803 0.874165 0.176981 0.251670
1 0.827338 0.064760 0.236387 0.129519
1 0.279689 0.662522 0.155940 0.224423
1 0.603327 0.530510 0.241337 0.336635
1 0.712239 0.273909 0.216584 0.311881
1 0.707906 0.824660 0.269803 0.350679
1 0.124367 0.471928 0.236387 0.325080
1 0.607660 0.076311 0.193070 0.152622
1 0.458525 0.790410 0.256190 0.358083
1 0.102709 0.671598 0.200495 0.206272
1 0.183773 0.207901 0.172031 0.229372
1 0.352709 0.482654 0.250000 0.326731
1 0.498748 0.244207 0.230197 0.288779
1 0.411495 0.072184 0.221534 0.144369
