1 0.397882 0.304438 0.206683 0.257426
1 0.121280 0.770607 0.242560 0.311881
1 0.221520 0.279684 0.198022 0.240926
1 0.922642 0.063109 0.154716 0.126218
1 0.343427 0.092812 0.137377 0.185625
1 0.620654 0.097763 0.134899 0.195526
1 0.480183 0.550311 0.215346 0.303628
1 0.715332 0.889841 0.188120 0.220317
1 0.902839 0.883644 0.194322 0.231026
1 0.204194 0.101473 0.193070 0.198010
1 0.577956 0.824239 0.237623 0.320131
1 0.501843 0.136939 0.179454 0.216186
1 0.090958 0.522258 0.181916 0.277228
1 0.348377 0.797010 0.241337 0.321782
1 0.068681 0.184800 0.137363 0.252478
1 0.909028 0.509056 0.181945 0.316830
1 0.264218 0.521433 0.219060 0.282179
1 0.939968 0.229354 0.120065 0.259074
1 0.751843 0.305261 0.280940 0.351484
1 0.574243 0.308561 0.160889 0.275577
1 0.706668 0.582489 0.247524 0.308580
1 0.761124 0.073835 0.170791 0.147670
