1 0.280285 0.913381 0.170782 0.173239
1 0.629235 0.662571 0.137549 0.255772
1 0.133966 0.159190 0.146779 0.234491
1 0.374446 0.274702 0.136628 0.267495
1 0.180122 0.353083 0.150472 0.249336
1 0.061498 0.379571 0.122780 0.264028
1 0.673084 0.438066 0.136628 0.246042
1 0.824940 0.428163 0.139396 0.269142
1 0.434913 0.902654 0.160627 0.194692
1 0.212894 0.075097 0.130163 0.150194
1 0.283055 0.494173 0.155091 0.270796
1 0.261822 0.249208 0.124626 0.224422
1 0.864175 0.809353 0.149551 0.285640
1 0.956090 0.781304 0.087820 0.269142
1 0.493533 0.716201 0.141243 0.257426
1 0.478300 0.244173 0.081239 0.204789
1 0.138583 0.586581 0.144011 0.262547
1 0.343519 0.737571 0.156934 0.287294
1 0.733087 0.847308 0.166167 0.272443
1 0.819402 0.188066 0.111703 0.208090
1 0.537844 0.524785 0.168014 0.328381
1 0.184278 0.814304 0.168935 0.298851
1 0.886330 0.598135 0.120008 0.216339
1 0.568306 0.248298 0.148630 0.265841
1 0.691084 0.114619 0.132009 0.216367
1 0.939011 0.404239 0.121978 0.267495
1 0.956090 0.201349 0.087820 0.211225
1 0.755705 0.621318 0.141243 0.249170
1 0.904785 0.074211 0.138490 0.122263
1 0.588163 0.877903 0.160608 0.244194
1 0.048519 0.641865 0.097038 0.283993
1 0.437218 0.089893 0.157859 0.173419
1 0.416911 0.499125 0.124623 0.252644
1 0.570153 0.056879 0.113546 0.110727
