0 0.263033 0.801419 0.112917 0.268462
0 0.879329 0.497803 0.401642 0.189769
0 0.566492 0.089659 0.234183 0.265419
0 0.155812 0.354006 0.392542 0.165762
0 0.174475 0.492044 0.411333 0.182138
0 0.341329 0.116028 0.228375 0.401081
0 0.871904 0.356653 0.329758 0.183781
0 0.764371 0.636047 0.276392 0.304506
0 0.785150 0.829122 0.216217 0.264081
0 0.187204 0.654744 0.249475 0.462475
0 0.157463 0.204944 0.512742 0.189738
0 0.407179 0.732950 0.261858 0.517113
0 0.570542 0.768728 0.170567 0.462544
0 0.757929 0.227547 0.261858 0.291894
0 0.920404 0.226644 0.159192 0.156763
