0 0.124885 0.278135 0.249769 0.248654
0 0.171897 0.721284 0.290487 0.403606
0 0.823064 0.897053 0.353872 0.200375
0 0.251564 0.075577 0.267385 0.151154
0 0.535872 0.162067 0.290692 0.324135
0 0.302622 0.259216 0.355551 0.261260
0 0.595590 0.455524 0.206846 0.369548
0 0.431026 0.596966 0.372615 0.450625
0 0.140500 0.860928 0.281000 0.142529
0 0.741462 0.082673 0.182821 0.167750
0 0.815282 0.214486 0.304282 0.390529
0 0.847532 0.407192 0.280910 0.307904
0 0.803981 0.695837 0.396269 0.453038
0 0.064821 0.447505 0.129641 0.165760
0 0.201718 0.481740 0.235436 0.219827
