0 0.657833 0.802759 0.271883 0.491669
0 0.367362 0.775697 0.260558 0.448606
0 0.548933 0.872591 0.364417 0.092281
0 0.848029 0.809319 0.144058 0.208725
0 0.805983 0.668431 0.242283 0.420250
0 0.143658 0.691594 0.258067 0.433625
0 0.131217 0.509122 0.439083 0.166681
0 0.169283 0.366803 0.379683 0.188506
0 0.109358 0.238750 0.243233 0.128738
0 0.286146 0.066500 0.183908 0.133000
0 0.303787 0.239744 0.232858 0.306163
0 0.456263 0.176847 0.186975 0.353694
0 0.597383 0.071203 0.108317 0.146794
0 0.816254 0.510012 0.367492 0.174712
0 0.822900 0.279519 0.452800 0.175175
0 0.666354 0.160991 0.211742 0.380994
