0 0.805212 0.957077 0.205404 0.085846
0 0.424803 0.679917 0.325683 0.291885
0 0.255865 0.894013 0.458077 0.211974
0 0.359971 0.120321 0.113596 0.240641
0 0.859264 0.343878 0.281087 0.275679
0 0.637644 0.426673 0.305404 0.329910
0 0.452688 0.276038 0.216221 0.530282
0 0.210774 0.270115 0.450644 0.279692
0 0.071024 0.275981 0.115029 0.223423
0 0.138832 0.604532 0.344356 0.324218
0 0.641038 0.162468 0.185346 0.398372
0 0.850577 0.795167 0.298846 0.320949
0 0.930981 0.973295 0.138038 0.053410
0 0.686966 0.733071 0.204048 0.347756
0 0.566697 0.888026 0.306760 0.218026
