0 0.464929 0.161153 0.169292 0.322307
0 0.144617 0.526370 0.395500 0.170898
0 0.203558 0.359559 0.371267 0.190325
0 0.145642 0.217477 0.231667 0.176548
0 0.679863 0.718692 0.164725 0.417957
0 0.337563 0.271834 0.192342 0.278622
0 0.825800 0.694717 0.243550 0.154481
0 0.782438 0.574779 0.448175 0.182067
0 0.832704 0.486451 0.334592 0.124156
0 0.854983 0.384377 0.290033 0.140689
0 0.710921 0.350449 0.336125 0.168158
0 0.638879 0.198483 0.184608 0.385542
0 0.801646 0.215004 0.234642 0.107190
0 0.583492 0.099478 0.089100 0.189420
0 0.528221 0.794361 0.176625 0.416819
0 0.470883 0.864358 0.123500 0.195000
0 0.345458 0.770515 0.225733 0.424497
0 0.322367 0.093568 0.157417 0.187136
0 0.179792 0.675294 0.172267 0.387786
