1 0.506788 0.830622 0.171998 0.338450
1 0.854490 0.921354 0.177872 0.157291
1 0.738703 0.379072 0.154131 0.302181
1 0.282531 0.132164 0.138808 0.264157
1 0.357895 0.753782 0.158300 0.364344
1 0.349341 0.372164 0.141360 0.319455
1 0.662107 0.912721 0.176255 0.174557
1 0.106786 0.866963 0.165193 0.266073
1 0.668065 0.137300 0.143913 0.274600
1 0.045936 0.601823 0.082636 0.315997
1 0.055968 0.110537 0.111935 0.221073
1 0.593172 0.405835 0.149022 0.328092
1 0.832319 0.178765 0.152422 0.284923
1 0.205552 0.369574 0.163405 0.359165
1 0.154022 0.597509 0.143913 0.290094
1 0.887212 0.446414 0.154979 0.302181
1 0.822105 0.694208 0.123489 0.345349
1 0.466404 0.235750 0.165957 0.309097
1 0.940225 0.690754 0.119551 0.362615
1 0.088959 0.266831 0.134467 0.295281
1 0.467639 0.536210 0.149870 0.315997
1 0.724660 0.682121 0.163493 0.345349
