1 0.720282 0.610542 0.173267 0.209571
1 0.595901 0.467803 0.238861 0.293728
1 0.437486 0.848990 0.174505 0.244224
1 0.649119 0.823413 0.186882 0.278878
1 0.917691 0.680675 0.164618 0.349837
1 0.348995 0.205426 0.198019 0.264026
1 0.093427 0.205428 0.184406 0.277228
1 0.209763 0.704601 0.233911 0.305279
1 0.823624 0.410048 0.231435 0.313532
1 0.157163 0.438101 0.232673 0.277228
1 0.264838 0.860542 0.193070 0.231026
1 0.897270 0.130766 0.205459 0.261532
1 0.089102 0.847340 0.178204 0.244224
1 0.370035 0.495854 0.222772 0.320131
1 0.836620 0.815162 0.217822 0.285478
1 0.674490 0.079611 0.210394 0.159221
1 0.542065 0.196349 0.222774 0.298679
1 0.502462 0.735962 0.232673 0.315192
