1 0.396571 0.595778 0.257423 0.191421
1 0.066822 0.804441 0.133644 0.219637
1 0.253558 0.490167 0.244224 0.184820
1 0.705702 0.402708 0.264026 0.158416
1 0.450476 0.752460 0.264029 0.184983
1 0.097625 0.420778 0.195250 0.234488
1 0.337163 0.050776 0.264026 0.101553
1 0.287660 0.863847 0.237622 0.206435
1 0.204051 0.678203 0.242026 0.211387
1 0.889154 0.910100 0.221692 0.179800
1 0.675998 0.723583 0.235426 0.186632
1 0.583595 0.099822 0.226612 0.180029
1 0.641896 0.564424 0.259625 0.191421
1 0.266758 0.167560 0.261824 0.229375
1 0.113841 0.233566 0.220022 0.199671
1 0.900155 0.726966 0.199689 0.209572
1 0.549486 0.270613 0.242022 0.181683
1 0.895755 0.319375 0.208490 0.202971
1 0.837715 0.557823 0.202423 0.178219
1 0.787109 0.115498 0.215622 0.165183
1 0.330564 0.334969 0.253026 0.175082
1 0.547285 0.931552 0.264026 0.136897
