1 0.270058 0.283072 0.250827 0.212870
1 0.094325 0.850645 0.188651 0.269142
1 0.775010 0.410880 0.327833 0.231183
1 0.107526 0.318469 0.215051 0.244389
1 0.227154 0.946816 0.290429 0.106368
1 0.860817 0.547016 0.270628 0.180031
1 0.866317 0.207081 0.209019 0.198185
1 0.094875 0.086702 0.189750 0.168317
1 0.814897 0.924161 0.370205 0.150163
1 0.066822 0.547016 0.133644 0.255940
1 0.896304 0.755844 0.207391 0.252476
1 0.263457 0.483483 0.308029 0.237788
1 0.682598 0.792066 0.389439 0.297195
1 0.347066 0.772346 0.334433 0.273928
1 0.416370 0.145280 0.283830 0.237627
1 0.542881 0.552794 0.321224 0.241094
1 0.520883 0.331751 0.250824 0.184820
1 0.696901 0.167560 0.303628 0.252476
1 0.506582 0.919589 0.268426 0.160822
