1 0.215951 0.165824 0.147276 0.221122
1 0.952344 0.880766 0.095312 0.238468
1 0.087864 0.697176 0.175728 0.267327
1 0.356421 0.879115 0.220298 0.241769
1 0.471520 0.677373 0.193070 0.231022
1 0.805678 0.873340 0.250000 0.253321
1 0.667684 0.653447 0.204209 0.268978
1 0.954201 0.452952 0.091599 0.336635
1 0.144787 0.870865 0.225248 0.258269
1 0.071156 0.462853 0.142313 0.240923
1 0.225852 0.406745 0.196781 0.254125
1 0.878079 0.654271 0.228962 0.280529
1 0.628700 0.193053 0.232673 0.311875
1 0.392313 0.441401 0.146038 0.250827
1 0.848376 0.092812 0.236387 0.185625
1 0.534020 0.506582 0.251238 0.351484
1 0.355803 0.206252 0.194308 0.278875
1 0.576099 0.884470 0.224010 0.229375
1 0.769788 0.417473 0.198019 0.239272
1 0.275357 0.664171 0.211632 0.273926
1 0.094663 0.242554 0.186880 0.255776
1 0.082913 0.083736 0.165827 0.167471
