1 0.340332 0.074239 0.188120 0.136965
1 0.899436 0.388596 0.201127 0.344885
1 0.654689 0.476053 0.347772 0.404292
1 0.932542 0.141896 0.134916 0.202971
1 0.493179 0.797837 0.324257 0.384487
1 0.266694 0.609718 0.326733 0.414192
1 0.495659 0.096518 0.237615 0.189766
1 0.181916 0.347341 0.153466 0.138612
1 0.866639 0.754106 0.266721 0.415840
1 0.096516 0.127038 0.191825 0.234333
1 0.099621 0.557736 0.199243 0.334984
1 0.341570 0.397670 0.236385 0.240923
1 0.076107 0.313511 0.152214 0.219471
1 0.250605 0.194700 0.188118 0.214522
1 0.709763 0.174899 0.289603 0.297029
1 0.178203 0.883654 0.335397 0.232692
1 0.553822 0.310212 0.230197 0.290429
