1 0.955439 0.763183 0.089123 0.290429
1 0.314960 0.918720 0.179454 0.162561
1 0.059399 0.150147 0.118798 0.245872
1 0.791446 0.862614 0.248762 0.274772
1 0.196768 0.258231 0.210397 0.267327
1 0.637362 0.380345 0.198022 0.280529
1 0.825481 0.293710 0.215346 0.268978
1 0.379935 0.060635 0.148514 0.121269
1 0.325481 0.448825 0.160889 0.245875
1 0.717189 0.131987 0.186882 0.206282
1 0.918310 0.118785 0.163380 0.186481
1 0.336620 0.193050 0.150990 0.196369
1 0.150976 0.695526 0.180692 0.168314
1 0.964102 0.299486 0.071796 0.227721
1 0.491323 0.539585 0.190594 0.235971
1 0.444293 0.301962 0.235149 0.282179
1 0.539589 0.067234 0.165841 0.134468
1 0.571149 0.788760 0.214111 0.292077
1 0.147881 0.886946 0.181930 0.224423
1 0.194292 0.114667 0.188118 0.158417
1 0.144168 0.513181 0.241337 0.285478
1 0.381174 0.744205 0.193070 0.272276
1 0.841570 0.559386 0.232673 0.268978
