1 0.333066 0.491815 0.123999 0.221121
1 0.910508 0.906799 0.155973 0.186403
1 0.151450 0.106497 0.125861 0.166685
1 0.186877 0.901799 0.132947 0.193235
1 0.435322 0.359721 0.126747 0.247685
1 0.547363 0.523171 0.131174 0.244221
1 0.373764 0.717064 0.141801 0.275577
1 0.790980 0.080104 0.096542 0.145215
1 0.251580 0.695614 0.138174 0.272275
1 0.083692 0.649326 0.128516 0.199832
1 0.762151 0.887822 0.160403 0.224356
1 0.064649 0.876305 0.125861 0.240919
1 0.820164 0.715413 0.148887 0.275577
1 0.312251 0.277295 0.139056 0.240926
1 0.230765 0.410131 0.116027 0.249174
1 0.733365 0.213765 0.104604 0.206268
1 0.839651 0.268138 0.136491 0.255940
1 0.562466 0.293715 0.124002 0.231188
1 0.630665 0.126221 0.120457 0.196537
1 0.942837 0.253285 0.094860 0.199832
1 0.500908 0.135379 0.116030 0.201322
1 0.675838 0.299574 0.120457 0.216168
1 0.968561 0.546188 0.062878 0.297195
1 0.309993 0.895164 0.120548 0.209671
1 0.436695 0.912493 0.150573 0.175013
1 0.910504 0.096530 0.157752 0.170107
1 0.887035 0.496765 0.133833 0.237624
1 0.102779 0.456339 0.152345 0.278879
1 0.046961 0.132826 0.093923 0.196537
1 0.278550 0.050315 0.106372 0.095879
1 0.674951 0.735218 0.145256 0.275577
1 0.501794 0.795450 0.142601 0.287128
1 0.157695 0.236040 0.127543 0.240926
1 0.755508 0.462030 0.141801 0.264195
1 0.389751 0.070128 0.116916 0.117302
1 0.633278 0.499161 0.115231 0.242738
1 0.249809 0.174158 0.100086 0.198020
1 0.945976 0.739262 0.108048 0.274094
1 0.590322 0.889389 0.149773 0.221221
